
g0 i0 : [2, 2, 7, 7, 5, 7, 7, 2] Fitness: 24
g0 i1 : [4, 5, 7, 5, 5, 8, 4, 3] Fitness: 42
Melhor: [4, 5, 7, 5, 5, 8, 4, 3] 42
Cruzamento:  Pais [4, 5, 7, 5, 5, 8, 4, 3]+[4, 5, 7, 5, 5, 8, 4, 3] => F1: [4, 5, 7, 5, 5, 8, 4, 3], M: [4, 2, 7, 5, 5, 2, 4, 3]
Cruzamento:  Pais [4, 5, 7, 5, 5, 8, 4, 3]+[4, 5, 7, 5, 5, 8, 4, 3] => F2: [4, 5, 7, 5, 5, 8, 4, 3], M: [4, 5, 7, 5, 8, 2, 4, 3]

g0 i0 : [2, 1, 6, 2, 8, 6, 3, 4] Fitness: 44
g0 i1 : [4, 8, 6, 2, 3, 7, 7, 7] Fitness: 46
Melhor: [4, 8, 6, 2, 3, 7, 7, 7] 46
Cruzamento:  Pais [4, 8, 6, 2, 3, 7, 7, 7]+[4, 8, 6, 2, 3, 7, 7, 7] => F1: [4, 8, 6, 2, 3, 7, 7, 7], M: [4, 5, 6, 2, 3, 7, 6, 7]
Cruzamento:  Pais [4, 8, 6, 2, 3, 7, 7, 7]+[4, 8, 6, 2, 3, 7, 7, 7] => F2: [4, 8, 6, 2, 3, 7, 7, 7], M: [4, 8, 6, 2, 3, 7, 7, 7]
